196
4871 20
920 12492 79041 29616 52743 42134 10014 2030 11543 55914 58146 68337 17652 50357 83073 98377 18945 17164 66996 72701 
8738 17
34438 20614 68221 1081 46844 42857 89237 2052 92795 33701 88550 485 69069 47390 10840 36519 41936 
9829 19
56041 83501 86822 88487 64120 77453 20136 75869 3990 47730 21391 97558 32779 67231 1070 11205 47315 51779 70861 
9772 16
45682 10161 77264 41179 10639 18994 71956 39849 1331 12919 34725 70656 95372 90925 20394 63725 
9092 14
27133 70866 56179 39395 52279 14736 59636 33002 43902 83350 4727 61446 50047 14305 
6063 20
54575 67622 67848 78200 9552 95598 41516 96428 79788 1266 85987 48962 51504 36058 66962 28199 5828 91877 9218 50947 
9566 10
52477 57624 65721 48216 76358 44518 60741 85657 3302 41865 
6241 18
40462 36531 42960 25240 54471 21600 74814 40351 66575 48146 12416 61451 13562 66639 98014 31889 86442 88617 
7368 10
56298 83691 14375 91433 40763 15296 10925 11093 18208 67270 
7511 14
16503 31358 7833 33910 61640 75046 76480 59683 60278 56141 8434 86698 71537 77109 
9053 17
40703 71014 5886 1638 87880 16455 62941 99762 85879 60614 5280 47051 76721 89802 21702 55265 22199 
9027 15
30917 80014 57018 65839 672 33279 66363 7339 7881 32154 87363 96865 58873 65327 16771 
8791 19
77912 7524 86695 7772 91907 68515 10195 70762 32205 58323 55805 40812 99958 73654 5851 95022 67079 27407 89708 
8449 14
14558 20646 45138 28274 80146 39740 8130 1067 63841 79160 6551 88496 150 18333 
8124 19
24203 92010 91445 60124 17381 43674 16017 73964 63901 96909 47515 64953 77569 20796 74777 9262 42355 69653 93906 
8490 14
12447 70466 48919 72199 50163 75442 52199 82276 6067 6575 74268 5462 1738 11887 
9447 20
38493 70663 38593 673 76262 410 89681 38320 34612 76725 33653 90735 98621 61857 42871 20351 83518 38150 14339 63821 
9423 13
36085 22882 45286 49658 90895 87100 54992 5340 29518 73513 36838 23440 12736 
9985 19
5474 86708 18118 352 81477 35989 4521 95315 81469 46976 43277 39791 57997 13262 94829 27065 44342 31641 71651 
9918 10
63551 71772 47523 14457 27484 83949 61821 79933 49584 31825 
8095 18
6228 22232 90214 90909 59218 56953 66163 55875 17722 4572 28981 47435 93111 13218 16669 80424 92161 73611 
8279 11
63029 73237 11213 96414 98543 32039 43322 79437 63624 82502 24737 
9080 15
62283 62624 88381 36678 10837 22636 82772 71727 61045 50566 65491 25423 34134 95328 27874 
9629 17
76914 33547 63036 87028 69054 51633 13258 29531 18160 50041 56195 88717 60819 1721 30591 37812 8705 
9610 16
26024 15889 72458 10310 80133 73708 51124 99410 59639 7226 82028 46899 81281 94445 8256 61799 
8366 17
92987 85671 28568 42380 10967 83581 90808 83744 42059 48329 53228 6347 69000 38146 65423 87384 57116 
8691 20
48126 46058 1012 33992 55052 80049 35565 87419 18437 15480 78477 20152 50247 78715 55714 29434 85175 15371 11153 59290 
9948 13
4624 24599 90758 23869 74943 15301 10231 7578 78907 83858 60007 44866 55894 
9508 18
24235 75059 85016 85823 14879 67267 98168 34392 11493 97151 76912 40741 5450 97289 7592 92230 12510 78213 
7881 12
30489 8436 94115 69356 47235 30549 40758 27882 50018 12040 95013 29647 
9872 12
46559 42558 22001 51849 47501 85527 91580 4537 60493 32420 86685 56111 
8618 12
15525 26628 17819 92996 13828 98333 59270 55352 21205 80547 84943 43686 
9227 14
54980 75128 42200 67461 30542 63726 66562 43939 98859 18981 38461 17766 14391 27902 
9927 12
15046 62049 62499 74206 79480 25242 30544 6861 6495 87095 75180 79254 
9960 12
54985 19578 87648 72481 90539 10159 62212 81485 72726 6102 51956 64334 
9992 17
65697 18310 63811 12834 19245 84675 24118 50037 21906 60898 65970 2448 94642 54487 28487 97315 11896 
9616 11
86840 1692 17570 99815 1364 75156 7556 16417 41559 78190 26504 
9733 16
39173 58005 38374 90923 48043 55543 58337 16989 55530 14939 77857 25678 52738 73503 46377 4715 
9692 17
991 12574 90107 94674 59362 89000 4046 53196 17138 49181 6893 38246 70740 10196 45235 44492 95232 
9767 17
72338 84385 95529 20734 51380 18458 87893 27427 64491 20073 49839 25318 87193 67431 49889 63897 65146 
9810 10
53684 72649 95564 4726 1912 53669 7955 33464 8905 93754 
9855 20
60258 74200 83257 45533 55738 34698 84226 89198 14014 94033 64392 21342 79077 31629 2999 56073 18568 51479 24583 69233 
9963 19
54749 66242 13534 51392 11101 74257 13159 43895 55717 32448 23537 34741 1914 27003 99824 3471 35723 9928 47722 
9573 11
44169 73438 79675 59834 45212 2480 23543 45598 69101 4039 50136 
9986 15
48409 4568 27290 7492 13568 11635 92716 18829 59227 3996 67087 53312 70134 48586 85635 
9534 18
69664 94191 812 93040 26956 59041 57504 29539 9067 52139 78748 78828 43216 21698 57427 85611 53740 40101 
9836 20
15151 78858 64956 79991 86374 32683 72558 92220 84746 85288 54368 65991 46523 10156 37094 34747 49563 32046 63244 93608 
9926 19
60582 88696 93284 90990 60362 71798 78372 83446 47992 61502 56215 85636 31119 84581 64989 28125 81947 96756 51440 
9760 19
54485 74169 31786 22413 10930 70395 18717 17563 37745 13954 88970 24160 79470 74916 36057 55041 88640 14682 91632 
9153 13
89006 81046 18060 30877 22242 34572 12224 2358 33731 16077 90720 15634 91461 
9848 11
38687 31778 66696 59308 50014 78222 19846 50894 19154 87308 25141 
9739 17
68408 75752 59011 52009 65235 47914 62526 18494 83135 5553 1930 94857 67310 50398 49512 5857 75047 
9726 17
94382 6513 65068 34124 42702 97996 12833 47767 90017 887 81474 97216 50 54185 14611 25351 39494 
9959 14
4214 58183 7285 44815 52749 26480 38560 9752 77174 14715 96191 6915 20609 98864 
9638 12
55763 68397 54948 61154 62090 4281 655 53284 84531 45336 15986 937 
9701 20
65966 27268 25174 1525 1052 8094 31395 15781 2818 68342 91110 62016 51074 83698 72243 31118 8182 15834 82937 86794 
9064 16
53135 11002 26172 48449 81296 36301 27417 75503 50724 59567 14144 68486 63288 65751 67031 97723 
9070 20
1833 95623 26864 50741 79699 34749 28391 18933 48849 34078 41616 95459 18941 78692 78830 22344 46400 78622 12507 12301 
9316 15
5807 70147 99852 47309 82906 37623 47249 75727 83085 33100 78016 42636 19434 85069 23358 
9689 14
52717 16618 25065 24717 82941 57232 92443 20901 99959 26460 41822 99017 52173 99039 
9773 10
74155 55807 9758 83407 27623 37333 7003 95875 68891 4010 
9663 13
46601 58710 23532 6858 32752 5190 28336 33696 47936 66331 79944 88994 3518 
9967 17
18430 5526 26088 24085 19232 32649 74751 78113 45729 40981 83090 94368 31556 99313 51540 32317 71081 
9916 15
75779 19396 95010 88744 1394 89381 80348 58820 1929 93644 92092 22530 77432 86729 96141 
9713 20
60065 19566 25139 23881 68845 78852 16817 95474 2191 67220 80613 54868 18116 30492 6232 91090 48285 11934 62078 27696 
9958 15
20595 82858 1314 99344 23141 88166 58465 57271 86319 28942 80897 98420 14419 74683 4164 
9277 19
1677 75269 26618 1404 17950 82049 76296 52765 24431 8730 95698 61344 85535 32901 69537 16941 98478 71851 4990 
9816 13
31683 47766 18966 8065 6690 7367 58457 32860 92959 85188 20765 52723 35174 
9420 17
70380 34552 26102 97260 42389 59462 49022 85528 55072 58999 54466 41226 75873 23300 93952 698 5949 
9910 15
27326 32944 43973 29210 63854 93810 46506 66884 30943 59231 76814 32962 65676 36877 77649 
9911 18
98925 53222 31495 72497 22964 35153 16947 86125 21567 1380 80577 23834 4393 244 60879 9623 30592 10230 
9971 16
1694 24796 49050 183 5995 43708 49710 96296 35042 29304 94187 43009 39106 77332 16829 25659 
9587 18
70379 24878 98807 64121 52171 63923 82942 11040 56026 42978 84442 10874 37203 68673 35837 1564 24357 36979 
9744 20
67430 25851 52079 6025 74301 1606 98560 61474 70085 60736 39222 76401 30916 62339 4325 9112 54079 96031 85878 12058 
9759 13
70198 61766 97129 94577 40122 75949 6346 52006 61629 83504 99728 93135 62296 
9651 13
68410 91813 92559 3423 61051 61987 71824 51900 70422 80924 83553 86310 98824 
9801 15
77843 58702 46555 76761 88513 18877 53337 90046 88690 11011 64667 93741 94760 40287 41669 
9714 19
53291 50532 32449 66724 78860 5309 62448 44892 37184 54495 66213 99827 55377 86864 56006 11274 1713 81462 1513 
9962 19
61263 96903 92955 32814 75876 58369 94676 94146 84389 57707 73156 16559 29450 93742 27352 39096 23354 65389 88430 
9709 16
3034 4315 164 4656 59329 23277 62418 4313 35712 40955 60843 2283 51221 3868 72536 36457 
9799 14
92442 11888 38397 52350 89657 37069 80262 99435 25660 7950 88433 34468 55765 29546 
9850 11
38706 48557 40658 92769 94545 37533 47762 51073 334 85252 49905 
9942 13
85910 92340 66376 79194 12038 89284 96408 68696 26131 92963 34801 44516 21151 
9617 19
78591 76928 51202 83837 79797 81298 88672 17738 28872 54999 55634 38229 95900 93438 38041 38317 27436 5589 39780 
9585 13
28036 20053 97532 83487 99210 86064 2083 94962 84797 18634 86603 19175 42067 
9827 19
81476 22757 20602 58578 46562 23658 45735 15165 29270 40999 27823 15530 84263 31392 87201 93199 7260 4113 74318 
9807 18
70357 28046 11262 70931 17926 56356 50486 21311 2996 17472 54826 11704 7706 59896 88376 21997 70097 35041 
9837 17
7111 46633 67611 59260 42122 1223 68610 85264 15461 55380 33788 83415 11881 6827 6324 44252 63596 
9888 16
12358 11607 6384 19900 39307 22021 38227 52810 85297 32783 489 68606 29457 52937 87413 54268 
9732 19
34279 70399 68587 25547 45457 46395 59657 91031 14832 27469 30621 23745 16150 21619 5122 97489 97694 23923 50564 
9933 16
30985 97445 41003 49476 98843 47860 75433 95604 69759 43386 98630 61615 95893 81109 65315 12594 
9973 10
96023 13220 39969 57987 29936 50537 36206 27456 64736 90739 
9954 12
68841 74355 18434 16593 47005 85957 98565 77371 41442 91260 18951 53316 
9934 14
62769 40644 26078 85896 76048 33290 31611 48939 61475 13865 42785 12599 50954 74498 
9740 14
50411 9958 43873 75703 69582 91977 56351 36385 16429 81999 82026 90344 90583 96100 
9722 17
86701 866 68315 65188 58759 2399 3377 7291 79399 15569 15676 81654 88656 65541 65953 73548 49585 
9844 12
76632 74713 12985 80143 69948 1386 20201 91082 96461 29752 18721 66674 
9852 20
49328 43414 65136 43624 14664 11346 24273 77919 71367 17676 46923 87708 42466 47385 43809 6912 2901 76378 52206 22245 
9885 11
40691 1382 83013 7901 8359 36720 33649 65803 36366 47178 1956 
9900 20
97765 41059 84053 87020 80409 92581 56380 27869 84631 51525 41969 41733 73966 25784 90242 61359 25311 84632 71963 56629 
9904 18
43274 3549 25066 24338 53117 6235 30703 63631 57075 99085 45664 55094 97407 6926 12052 56766 87616 1365 
9895 18
30448 83249 72377 71577 68092 30350 71416 27516 3492 81912 25017 99502 58356 82136 79774 91891 29913 74780 
9771 13
44302 26958 51576 30773 47091 38445 31219 96806 91633 64161 97656 99276 2808 
9975 14
37935 98346 49879 75546 41564 12838 7047 3270 84934 47748 71752 20251 4637 73261 
9813 15
18786 82552 95356 82314 64818 92099 64016 94623 3869 99436 13082 64046 64462 78608 46582 
9892 15
60546 32011 28932 28836 25915 16092 73968 97006 96695 41396 14738 52076 94298 61203 71311 
9756 18
26626 10075 28712 45579 1506 64002 83686 59747 32642 75088 70970 32028 6729 32263 66913 41945 31285 72367 
9884 20
25211 28536 6323 20190 15040 69399 64705 82191 31633 3832 62799 40805 7455 18796 15029 72755 57860 53437 20960 26703 
9929 18
48263 62131 30122 78255 91059 72197 64777 13977 17181 37790 35823 43126 46547 34296 28868 4267 22371 58044 
9580 13
21632 71480 59542 90507 6111 46178 99217 98016 72037 1361 79027 699 20127 
9613 16
58365 79775 92883 37744 32315 20025 32738 67630 71390 14945 69480 97823 52099 1287 48896 81608 
9823 16
13819 28275 85651 68382 17293 59487 46126 5814 96311 23198 41591 46625 69755 32545 42905 73443 
9694 20
39193 13030 727 42564 26048 87914 43383 87868 7128 97485 37977 88832 82890 21515 84433 80977 30232 35226 87803 23054 
9784 12
78920 13793 19016 66459 38253 96746 65309 18143 43056 87305 55441 67463 
9939 15
22615 279 57793 70741 68487 36622 97962 24064 49566 2810 71248 3656 75717 2578 46159 
9974 18
84938 67287 38381 3130 98977 65344 94198 74953 97944 92066 90364 96448 44834 40907 79498 23324 99437 98201 
9979 19
99501 53425 27550 68740 39199 19621 75381 7099 90942 51509 87163 34855 58806 24192 40434 34206 14813 12572 25079 
9995 17
6524 68726 86369 93756 8124 46238 78727 89542 91767 37631 70893 73596 1518 49403 23844 71410 61205 
9982 17
97201 36138 73037 99619 67579 86900 8580 17891 93782 92254 73764 560 18704 42782 6876 26828 88801 
9886 10
9826 79311 22603 77423 51868 78452 41278 94863 12653 98799 
9464 17
50244 56677 17767 15907 36072 79175 64670 75668 20540 40743 4775 14621 44619 41493 5588 41956 52116 
9526 10
63874 72093 78534 50049 33828 1859 38786 12990 30081 61557 
9362 14
10828 54382 95185 60154 35128 27397 14405 6204 67219 58347 67228 29861 55200 46488 
9990 20
90932 97012 78087 15941 75856 65349 4701 84247 97185 74101 91768 67807 87181 68991 73697 12789 66763 86359 95940 18639 
9949 15
71386 19309 1238 28992 81333 18705 69454 96350 73271 85791 48295 83717 27139 96578 83753 
9594 13
30010 45703 75931 34718 47670 22896 2750 43417 1221 11306 37354 49825 96570 
9702 17
63975 77496 44013 96935 47152 89086 51711 9987 1112 80762 16939 31672 57784 34872 79870 25175 11170 
9832 11
36565 1785 55459 83287 9227 10528 21076 89715 20405 30669 12505 
9930 18
7018 31945 52354 67884 10560 48502 36607 20648 58614 58972 1143 90104 77304 21141 9300 95750 94706 85769 
9968 17
96894 82102 94569 73626 64034 50967 35639 90427 32977 70904 53414 14120 21363 3208 12361 3367 11920 
9917 12
89780 32467 77235 59759 76395 27128 71217 26075 60850 63004 66164 1228 
9976 18
62503 36773 13393 87806 28661 88266 29360 91648 80825 71934 21657 94155 56801 53636 56787 70401 789 94520 
9502 12
55974 21782 6474 36825 5376 39687 63406 72123 58714 42718 68596 45926 
9889 12
17833 75653 75279 33093 70722 99860 28851 32305 47077 39701 71030 55108 
9731 16
6027 95941 41482 96385 15486 26745 12151 48712 28159 31502 4075 51663 86132 26926 1554 74264 
9835 19
20168 57544 89911 36816 5566 72948 29292 99155 26071 46300 91263 68441 99419 30494 11209 19439 93928 70311 8440 
9620 11
17094 33179 50977 5576 65988 65426 78351 21016 12849 88604 13867 
9501 17
43828 70452 49198 1075 84645 46760 88097 61295 59018 14578 95239 44731 89869 40334 21163 87684 74408 
9562 10
90086 17388 24074 78801 6065 43028 73374 54582 66324 82933 
9570 11
89774 98354 62780 86791 78506 90545 75360 75692 3601 74210 66982 
9951 20
30746 79279 99083 23612 51430 44718 29724 93979 49895 98805 30497 64155 77165 50703 15113 59129 75166 50730 6896 83863 
9994 14
28129 66894 20708 28710 33344 51768 7092 60602 54784 52988 81303 93548 50457 75783 
9819 19
42238 2436 95822 24020 67391 69244 89719 74238 7682 93374 83450 62939 51889 5316 61198 60785 39433 85430 47311 
9997 12
53944 72730 69237 71992 59288 52051 63033 85584 47148 44061 28529 10870 
9839 12
13529 14616 28221 68633 12620 42612 55567 16047 34327 43447 95231 12122 
9919 14
9049 6059 46417 17227 24844 10097 75411 60013 72542 32786 45714 88524 22991 54379 
9931 9
33918 77000 36482 99481 10131 77884 66129 98582 27343 
9803 15
45977 79883 35882 78100 74806 55612 75393 82584 76437 90469 670 25453 79465 8714 20194 
9817 20
77427 30541 19315 38749 40632 79948 65590 52179 84904 97722 60663 91642 16753 36123 82066 14027 12825 85719 25197 68378 
9862 11
17807 48445 7539 11419 96593 25300 1559 74405 73623 55292 28365 
9945 15
1608 56229 74190 39850 51500 35303 4118 16504 82077 74099 66456 4135 46780 27614 52417 
9878 12
58222 99160 47150 75605 74552 37524 20360 16787 83310 85594 24447 57028 
9937 20
86547 93171 55483 32255 71638 19533 93635 66338 73695 16797 64210 23664 80087 8300 27017 67641 80626 93406 33274 65351 
9938 16
14655 30212 25607 45974 73694 99117 54067 96019 5561 85244 12168 20363 27421 65909 35077 58260 
9981 12
45675 85950 11285 50667 98998 87829 57431 77470 50305 25940 56954 33265 
9932 10
21659 95686 97712 52506 83740 83419 49725 10684 91234 53141 
9946 11
91553 73525 37426 8921 66502 3644 60802 40446 14189 16291 93444 
9984 19
71598 9593 74962 32827 23974 29999 65749 72798 34198 44706 9833 21147 77724 91754 55113 11821 54516 39137 94149 
9993 15
46906 19710 55118 14680 57703 72203 27075 44783 63913 71468 45990 49031 13809 79752 44185 
9717 20
24005 49619 34430 89528 31613 8818 17131 80175 54700 81030 83029 53060 31011 80746 36358 71094 87353 10492 17668 85268 
9779 13
51313 23839 9932 72909 94324 73017 36795 25301 65965 41372 67342 66737 92164 
9873 20
75357 43377 71994 34943 83456 4663 21049 31850 12600 61023 45056 31740 95099 69032 69151 46637 786 13861 26306 96284 
9765 15
19955 73487 60333 36363 83933 86614 19901 16191 2683 17962 30865 6174 84824 23382 50859 
9978 13
95881 76952 8269 33823 34257 91524 43088 88991 74011 18542 56180 81895 55913 
9953 16
60133 83879 27536 83311 42897 46116 87428 36687 55218 19279 45894 61627 19675 59237 74449 96750 
9999 13
47547 131 5307 19634 76523 36075 27423 46079 47804 8003 59558 69352 25732 
9935 11
16590 4387 19425 90786 95122 24775 69125 1122 66251 87372 22836 
9950 13
44004 2144 57279 72253 17136 2947 49231 2873 43620 95640 28562 71847 16777 
9987 14
58783 74544 76853 98658 98610 8091 54002 51242 26202 45437 81992 13285 55495 49936 
9989 10
40136 69340 25891 37255 19744 19518 11994 59460 34117 60722 
9961 18
54869 66223 28694 82655 79980 2819 80848 94883 80328 95507 32700 23498 39937 89342 89259 55026 12357 33325 
9826 10
83224 32490 64610 11208 12675 88395 54066 1752 77445 16367 
9909 18
40880 27031 2268 61424 3900 2835 7380 78120 41833 78492 10602 88491 31603 1823 41339 5882 97876 96229 
9922 15
47545 39709 77306 57338 82790 56391 53726 94147 23760 25632 94940 5847 64093 47451 12820 
9644 11
90527 22785 92553 12269 50605 16013 45307 13655 44636 91663 5130 
9965 11
2615 43646 90631 41978 34402 5383 14381 68053 64248 76869 31691 
9830 9
79546 5993 43857 84204 91697 53964 36465 93878 49605 
9901 17
11348 92842 38805 67709 33061 27587 98098 63013 89925 22114 71267 24859 56066 48671 38101 3021 60223 
9814 17
59032 51327 32495 30769 38473 63969 4881 80386 5046 85182 98078 98852 51280 36668 61093 45444 36275 
9996 16
74454 31883 45377 6242 83827 69971 78170 46351 67187 92682 85586 50533 37131 53335 6423 43344 
9866 18
17896 3146 499 29136 60370 91969 48961 15118 39032 33824 76335 47055 54283 27889 38044 62003 83322 76475 
9877 15
54157 98810 24314 77664 89664 33803 36518 37248 25646 64132 32506 1822 95719 76573 56536 
9980 18
95073 65284 18809 67749 65687 93626 7725 26187 62181 54620 13131 29629 75845 76719 64647 71117 678 90109 
9991 16
56716 51502 60665 37 22243 95408 72860 43231 4563 9968 32898 33383 1570 19048 30752 19210 
9666 11
83215 30881 64770 11750 33135 85644 81896 22578 44618 70710 13106 
9940 11
94771 97044 23236 60627 76876 25367 95477 93630 84009 67245 34202 
9851 19
41277 46002 56519 9592 59557 57908 73101 87011 12343 42771 70436 56173 69980 3380 83685 49534 99196 89482 17211 
9860 17
87691 92784 32327 54149 63199 49063 60044 73220 69411 52881 92984 40664 92745 40996 82718 38456 89783 
9747 17
13836 85530 9455 961 40105 96639 5984 63437 74992 44566 61586 6825 91822 37608 19882 10531 7418 
9774 18
25109 80411 76717 371 40227 25862 32812 83016 41094 36765 22042 11415 12156 79538 71644 66156 75372 9780 
9883 17
3830 39882 94182 36912 83828 46666 83645 6274 43069 38521 97782 17818 98487 49046 75341 71640 96059 
9947 9
23850 67057 66091 62337 61594 45607 36168 97238 15484 
9943 9
78909 40379 81098 87603 29452 29836 98255 86664 55687 
9970 8
49020 94432 49813 67604 27143 59529 84975 95464 
9998 19
53242 14081 63916 85931 73064 7193 23867 7541 17066 97190 32067 93052 31316 78073 865 39237 34701 85027 64416 
9882 11
58055 92736 87633 407 95506 67493 34929 11092 58916 88230 21506 
